object={
	name="tree_leaf_01_single_generator_1_0"
	render_pass=Map
	clamp_to_water_level=no
	generated_content=yes
	layer="tree_high_layer"
	pdxmesh="tree_leaf_01_single_a_mesh"
	count=247
	transform="1136.540405 0.000000 2919.714355 0.000000 0.904973 0.000000 0.425470 0.665439 0.665439 0.665439
1135.586670 0.000000 2943.854492 0.000000 0.991809 0.000000 0.127729 0.696866 0.696866 0.696866
1126.591553 0.000000 2907.628906 0.000000 0.983334 0.000000 0.181810 0.694568 0.694568 0.694568
1151.643555 0.000000 2952.036621 0.000000 0.368430 0.000000 -0.929656 0.727114 0.727114 0.727114
1139.597534 0.000000 2921.887695 0.000000 0.992819 0.000000 0.119622 0.689103 0.689103 0.689103
1136.093018 0.000000 2916.513916 0.000000 0.999965 0.000000 0.008379 0.699458 0.699458 0.699458
1129.260986 0.000000 2909.159180 0.000000 0.001735 0.000000 -0.999999 0.845330 0.845330 0.845330
1139.467651 0.000000 2959.186279 0.000000 0.892424 0.000000 0.451197 0.648463 0.648463 0.648463
1185.623779 0.000000 2968.195801 0.000000 0.400249 0.000000 0.916406 0.576447 0.576447 0.576447
1138.085571 0.000000 2923.834961 0.000000 0.784689 0.000000 -0.619890 0.759590 0.759590 0.759590
1128.632202 0.000000 2933.630615 0.000000 0.203292 0.000000 -0.979118 0.821754 0.821754 0.821754
1126.984619 0.000000 2909.983887 0.000000 0.410549 0.000000 0.911838 0.587677 0.587677 0.587677
1150.608032 0.000000 2954.001221 0.000000 0.643598 0.000000 -0.765364 0.782253 0.782253 0.782253
1138.421265 0.000000 2920.333008 0.000000 0.916351 0.000000 0.400376 0.662566 0.662566 0.662566
1122.676025 0.000000 2906.331787 0.000000 0.101857 0.000000 0.994799 0.545993 0.545993 0.545993
1124.976562 0.000000 2906.419922 0.000000 0.871670 0.000000 0.490092 0.659720 0.659720 0.659720
1128.500122 0.000000 2910.561523 0.000000 0.362865 0.000000 0.931842 0.551173 0.551173 0.551173
1155.335205 0.000000 2960.375732 0.000000 0.157694 0.000000 0.987488 0.537088 0.537088 0.537088
1150.811646 0.000000 2971.627686 0.000000 0.592776 0.000000 0.805367 0.670547 0.670547 0.670547
1146.354980 0.000000 2970.142334 0.000000 0.827970 0.000000 0.560773 0.682314 0.682314 0.682314
1186.052246 0.000000 2969.536621 0.000000 0.975827 0.000000 0.218545 0.679978 0.679978 0.679978
1156.484253 0.000000 2973.056152 0.000000 0.550008 0.000000 -0.835159 0.788095 0.788095 0.788095
1223.566284 0.000000 2995.699219 0.000000 0.347437 0.000000 0.937703 0.649000 0.649000 0.649000
1202.008545 0.000000 2974.878418 0.000000 0.887336 0.000000 -0.461124 0.710888 0.710888 0.710888
1226.843750 0.000000 2984.701172 0.000000 0.065532 0.000000 0.997850 0.536909 0.536909 0.536909
1198.429321 0.000000 2972.550049 0.000000 0.951923 0.000000 0.306338 0.692927 0.692927 0.692927
1225.855835 0.000000 2992.860596 0.000000 0.985865 0.000000 -0.167543 0.706766 0.706766 0.706766
1198.788818 0.000000 2975.142578 0.000000 0.856309 0.000000 0.516463 0.663959 0.663959 0.663959
1223.819946 0.000000 2993.562012 0.000000 0.080539 0.000000 0.996751 0.606249 0.606249 0.606249
1200.437500 0.000000 2975.826904 0.000000 0.496528 0.000000 0.868021 0.518131 0.518131 0.518131
1200.617065 0.000000 2974.502930 0.000000 0.156199 0.000000 -0.987726 0.944630 0.944630 0.944630
1118.060425 0.000000 4067.415527 0.000000 0.585968 0.000000 -0.810334 0.701651 0.701651 0.701651
1125.048584 0.000000 4052.410645 0.000000 0.260879 0.000000 0.965371 0.578956 0.578956 0.578956
1121.865967 0.000000 4063.661865 0.000000 0.726522 0.000000 0.687143 0.645721 0.645721 0.645721
1128.762695 0.000000 4052.989258 0.000000 0.356379 0.000000 0.934341 0.619885 0.619885 0.619885
1127.470337 0.000000 4055.227295 0.000000 0.885133 0.000000 -0.465337 0.755827 0.755827 0.755827
1121.053467 0.000000 4065.989014 0.000000 0.096665 0.000000 0.995317 0.563477 0.563477 0.563477
1122.981323 0.000000 4065.467529 0.000000 0.135763 0.000000 -0.990741 0.885526 0.885526 0.885526
1122.489868 0.000000 4062.008545 0.000000 0.049706 0.000000 0.998764 0.537850 0.537850 0.537850
1126.998169 0.000000 4053.285156 0.000000 0.091494 0.000000 -0.995806 1.067067 1.067067 1.067067
1126.166138 0.000000 4052.399414 0.000000 0.082187 0.000000 -0.996617 1.069386 1.069386 1.069386
1358.465332 0.000000 4088.808594 0.000000 0.912576 0.000000 0.408907 0.676442 0.676442 0.676442
1360.882202 0.000000 4092.507812 0.000000 0.589649 0.000000 -0.807660 0.775579 0.775579 0.775579
1358.010132 0.000000 4091.599854 0.000000 0.994737 0.000000 -0.102463 0.720808 0.720808 0.720808
1357.801270 0.000000 4096.385742 0.000000 0.255474 0.000000 -0.966816 0.862848 0.862848 0.862848
1354.571045 0.000000 4097.115234 0.000000 0.619313 0.000000 -0.785144 0.774163 0.774163 0.774163
1359.511963 0.000000 4094.574463 0.000000 0.964769 0.000000 -0.263098 0.759088 0.759088 0.759088
1356.276367 0.000000 4088.267090 0.000000 0.010332 0.000000 -0.999947 0.863622 0.863622 0.863622
1355.287598 0.000000 4095.289062 0.000000 0.052850 0.000000 0.998602 0.302096 0.302096 0.302096
1357.031006 0.000000 4089.999756 0.000000 0.648481 0.000000 0.761231 0.609278 0.609278 0.609278
1353.654419 0.000000 4091.222168 0.000000 0.115292 0.000000 -0.993332 0.834788 0.834788 0.834788
1359.183716 0.000000 4092.872314 0.000000 0.758090 0.000000 -0.652150 0.920989 0.920989 0.920989
1356.211304 0.000000 4091.710693 0.000000 0.772684 0.000000 -0.634791 0.917540 0.917540 0.917540
1352.434326 0.000000 4093.475098 0.000000 0.007624 0.000000 0.999971 0.451409 0.451409 0.451409
1356.280884 0.000000 4096.927246 0.000000 0.814001 0.000000 0.580863 0.623098 0.623098 0.623098
1358.047485 0.000000 4094.833984 0.000000 0.549693 0.000000 0.835367 0.480543 0.480543 0.480543
1358.717285 0.000000 4090.207275 0.000000 0.865436 0.000000 -0.501020 0.806383 0.806383 0.806383
1357.744629 0.000000 4093.000488 0.000000 0.962044 0.000000 -0.272893 0.821241 0.821241 0.821241
1359.458130 0.000000 4091.473877 0.000000 0.354835 0.000000 -0.934929 0.944897 0.944897 0.944897
1354.527832 0.000000 4094.054443 0.000000 0.660450 0.000000 0.750870 0.477346 0.477346 0.477346
1356.742554 0.000000 4095.518799 0.000000 0.157449 0.000000 0.987527 0.213648 0.213648 0.213648
1356.030762 0.000000 4093.011475 0.000000 0.468930 0.000000 -0.883236 1.174927 1.174927 1.174927
1354.863892 0.000000 4091.425781 0.000000 0.281472 0.000000 -0.959570 1.010012 1.010012 1.010012
1358.519043 0.000000 4093.801270 0.000000 0.734195 0.000000 -0.678939 0.932156 0.932156 0.932156
1354.290894 0.000000 4095.651611 0.000000 0.892793 0.000000 -0.450468 0.822494 0.822494 0.822494
1357.063232 0.000000 4091.074707 0.000000 0.990214 0.000000 0.139559 0.655711 0.655711 0.655711
1355.776367 0.000000 4094.268311 0.000000 0.672956 0.000000 -0.739683 0.918255 0.918255 0.918255
1356.143066 0.000000 4090.560303 0.000000 0.308878 0.000000 0.951102 0.302463 0.302463 0.302463
1357.131470 0.000000 4092.167969 0.000000 0.759937 0.000000 0.649997 0.389624 0.389624 0.389624
1354.054932 0.000000 4092.042725 0.000000 0.999669 0.000000 -0.025723 0.709261 0.709261 0.709261
1355.254761 0.000000 4093.487793 0.000000 0.739818 0.000000 -0.672807 0.965680 0.965680 0.965680
1357.647949 0.000000 4093.969727 0.000000 0.191116 0.000000 0.981568 0.095331 0.095331 0.095331
1356.862061 0.000000 4093.227783 0.000000 0.975588 0.000000 0.219607 0.602879 0.602879 0.602879
2407.229492 0.000000 3121.024902 0.000000 0.734855 0.000000 -0.678225 0.711723 0.711723 0.711723
5954.075195 0.000000 1892.738159 0.000000 0.173137 0.000000 -0.984898 0.707323 0.707323 0.707323
5945.687988 0.000000 1889.677490 0.000000 0.936602 0.000000 0.350395 0.694995 0.694995 0.694995
9624.911133 0.000000 2850.064941 0.000000 0.712080 0.000000 -0.702099 0.768011 0.768011 0.768011
9617.340820 0.000000 2852.406982 0.000000 0.718274 0.000000 -0.695760 0.782028 0.782028 0.782028
9713.336914 0.000000 3590.059082 0.000000 0.520647 0.000000 0.853772 0.691059 0.691059 0.691059
9714.041016 0.000000 3583.976562 0.000000 0.668708 0.000000 0.743525 0.654584 0.654584 0.654584
9712.070312 0.000000 3583.219727 0.000000 0.147893 0.000000 -0.989003 0.829256 0.829256 0.829256
9712.971680 0.000000 3585.375488 0.000000 0.953837 0.000000 -0.300326 0.736782 0.736782 0.736782
9769.374023 0.000000 3599.178223 0.000000 0.147737 0.000000 -0.989027 0.702486 0.702486 0.702486
9775.675781 0.000000 3596.668457 0.000000 0.914429 0.000000 -0.404747 0.710195 0.710195 0.710195
9771.823242 0.000000 3595.459961 0.000000 0.817005 0.000000 0.576631 0.669926 0.669926 0.669926
9774.719727 0.000000 3593.074951 0.000000 0.996837 0.000000 -0.079473 0.702920 0.702920 0.702920
9747.571289 0.000000 3636.868408 0.000000 0.878333 0.000000 -0.478049 0.704355 0.704355 0.704355
9751.077148 0.000000 3644.137695 0.000000 0.037544 0.000000 -0.999295 0.713397 0.713397 0.713397
9750.956055 0.000000 3615.184814 0.000000 0.765550 0.000000 0.643376 0.692672 0.692672 0.692672
9717.963867 0.000000 3618.612549 0.000000 0.079937 0.000000 -0.996800 0.715632 0.715632 0.715632
9752.308594 0.000000 3604.374756 0.000000 0.029762 0.000000 -0.999557 0.764634 0.764634 0.764634
9749.430664 0.000000 3640.288818 0.000000 0.967605 0.000000 0.252470 0.679482 0.679482 0.679482
9752.167969 0.000000 3612.843262 0.000000 0.752802 0.000000 -0.658247 0.733902 0.733902 0.733902
9749.003906 0.000000 3642.766113 0.000000 0.553237 0.000000 -0.833024 0.748176 0.748176 0.748176
9752.355469 0.000000 3610.509521 0.000000 0.942885 0.000000 -0.333117 0.724927 0.724927 0.724927
9710.825195 0.000000 3790.162842 0.000000 0.791238 0.000000 -0.611508 0.726447 0.726447 0.726447
9715.835938 0.000000 3789.327393 0.000000 0.655792 0.000000 0.754941 0.673087 0.673087 0.673087
9761.714844 0.000000 3799.656006 0.000000 0.263224 0.000000 -0.964735 0.754710 0.754710 0.754710
9713.239258 0.000000 3789.279053 0.000000 0.213014 0.000000 0.977049 0.614681 0.614681 0.614681
9771.647461 0.000000 3822.975342 0.000000 0.993658 0.000000 0.112443 0.699803 0.699803 0.699803
9769.709961 0.000000 3807.798340 0.000000 0.641313 0.000000 0.767279 0.677074 0.677074 0.677074
9790.162109 0.000000 3814.010742 0.000000 0.423592 0.000000 -0.905853 0.715846 0.715846 0.715846
9769.674805 0.000000 3817.575439 0.000000 0.041228 0.000000 -0.999150 0.785537 0.785537 0.785537
9767.794922 0.000000 3821.524658 0.000000 0.825744 0.000000 0.564044 0.684291 0.684291 0.684291
9789.207031 0.000000 3817.384766 0.000000 0.256570 0.000000 -0.966526 0.773333 0.773333 0.773333
9766.357422 0.000000 3817.051025 0.000000 0.489832 0.000000 -0.871817 0.755515 0.755515 0.755515
9785.422852 0.000000 3807.387451 0.000000 0.994704 0.000000 -0.102778 0.705578 0.705578 0.705578
9784.244141 0.000000 3809.812012 0.000000 0.311963 0.000000 -0.950094 0.767911 0.767911 0.767911
9767.819336 0.000000 3819.097656 0.000000 0.824361 0.000000 -0.566065 0.730495 0.730495 0.730495
9779.777344 0.000000 3807.400146 0.000000 0.915297 0.000000 -0.402780 0.723907 0.723907 0.723907
9774.451172 0.000000 3804.629883 0.000000 0.490542 0.000000 0.871417 0.626036 0.626036 0.626036
9770.264648 0.000000 3805.571289 0.000000 0.429570 0.000000 -0.903033 0.794519 0.794519 0.794519
9709.089844 0.000000 3895.542969 0.000000 0.944042 0.000000 0.329824 0.695888 0.695888 0.695888
9712.367188 0.000000 3884.544922 0.000000 0.125955 0.000000 0.992036 0.646988 0.646988 0.646988
9710.825195 0.000000 3880.147217 0.000000 0.739380 0.000000 -0.673288 0.728399 0.728399 0.728399
9712.874023 0.000000 3897.041748 0.000000 0.923385 0.000000 -0.383875 0.712394 0.712394 0.712394
9714.074219 0.000000 3890.022217 0.000000 0.181294 0.000000 0.983429 0.663602 0.663602 0.663602
9715.835938 0.000000 3879.311768 0.000000 0.554748 0.000000 0.832018 0.670804 0.670804 0.670804
9711.378906 0.000000 3892.704346 0.000000 0.540044 0.000000 0.841637 0.658045 0.658045 0.658045
9714.009766 0.000000 3881.810059 0.000000 0.103028 0.000000 -0.994678 0.774377 0.774377 0.774377
9710.014648 0.000000 3882.859131 0.000000 0.458399 0.000000 0.888747 0.654090 0.654090 0.654090
9713.254883 0.000000 3894.666992 0.000000 0.916383 0.000000 -0.400302 0.725910 0.725910 0.725910
9713.653320 0.000000 3892.318115 0.000000 0.800328 0.000000 0.599562 0.657303 0.657303 0.657303
9771.280273 0.000000 3951.340088 0.000000 0.615952 0.000000 0.787783 0.695244 0.695244 0.695244
9691.750977 0.000000 4008.725098 0.000000 0.999376 0.000000 0.035331 0.699753 0.699753 0.699753
9744.552734 0.000000 4025.188477 0.000000 0.803429 0.000000 0.595401 0.695542 0.695542 0.695542
9759.041992 0.000000 4004.602051 0.000000 0.685201 0.000000 -0.728354 0.735647 0.735647 0.735647
9751.077148 0.000000 4004.075195 0.000000 0.961737 0.000000 0.273975 0.697575 0.697575 0.697575
9686.269531 0.000000 4021.925537 0.000000 0.157178 0.000000 0.987570 0.690123 0.690123 0.690123
9698.556641 0.000000 4009.359863 0.000000 0.913111 0.000000 0.407712 0.684588 0.684588 0.684588
9749.646484 0.000000 4028.003418 0.000000 0.300228 0.000000 -0.953867 0.713273 0.713273 0.713273
9759.783203 0.000000 4009.932617 0.000000 0.752555 0.000000 -0.658530 0.725125 0.725125 0.725125
9695.808594 0.000000 4027.674561 0.000000 0.438840 0.000000 0.898565 0.659026 0.659026 0.659026
9697.396484 0.000000 4019.916016 0.000000 0.799427 0.000000 -0.600763 0.727030 0.727030 0.727030
9693.405273 0.000000 4018.262207 0.000000 0.537483 0.000000 0.843275 0.614082 0.614082 0.614082
9755.163086 0.000000 4002.523438 0.000000 0.201598 0.000000 -0.979468 0.754978 0.754978 0.754978
9699.160156 0.000000 4002.871338 0.000000 0.996656 0.000000 -0.081709 0.702430 0.702430 0.702430
9745.319336 0.000000 4039.936768 0.000000 0.671795 0.000000 -0.740737 0.730613 0.730613 0.730613
9691.616211 0.000000 3998.449707 0.000000 0.301623 0.000000 0.953427 0.578469 0.578469 0.578469
9691.164062 0.000000 4004.719238 0.000000 0.355963 0.000000 -0.934500 0.752727 0.752727 0.752727
9689.473633 0.000000 4024.394531 0.000000 0.989019 0.000000 0.147790 0.695593 0.695593 0.695593
9689.930664 0.000000 4020.144775 0.000000 0.444740 0.000000 -0.895660 0.732974 0.732974 0.732974
9757.102539 0.000000 4043.992432 0.000000 0.980547 0.000000 0.196286 0.693095 0.693095 0.693095
9721.089844 0.000000 4043.102539 0.000000 0.716370 0.000000 0.697721 0.681107 0.681107 0.681107
9692.000977 0.000000 4026.994141 0.000000 0.897318 0.000000 -0.441384 0.716777 0.716777 0.716777
9695.087891 0.000000 4009.728760 0.000000 0.570930 0.000000 0.820999 0.641088 0.641088 0.641088
9698.156250 0.000000 4012.634521 0.000000 0.552731 0.000000 0.833360 0.667289 0.667289 0.667289
9699.954102 0.000000 4005.943848 0.000000 0.709496 0.000000 -0.704709 0.731433 0.731433 0.731433
9687.000000 0.000000 3998.980225 0.000000 0.488011 0.000000 0.872838 0.662917 0.662917 0.662917
9759.920898 0.000000 4043.537598 0.000000 0.996952 0.000000 0.078019 0.696178 0.696178 0.696178
9692.754883 0.000000 4011.499023 0.000000 0.709843 0.000000 0.704360 0.661758 0.661758 0.661758
9758.775391 0.000000 4037.286133 0.000000 0.302608 0.000000 -0.953115 0.744157 0.744157 0.744157
9694.219727 0.000000 4025.413086 0.000000 0.959944 0.000000 -0.280193 0.723326 0.723326 0.723326
9738.192383 0.000000 4047.752441 0.000000 0.886545 0.000000 -0.462642 0.733622 0.733622 0.733622
9757.061523 0.000000 4023.499023 0.000000 0.998242 0.000000 0.059277 0.694714 0.694714 0.694714
9756.398438 0.000000 4005.062988 0.000000 0.435703 0.000000 -0.900091 0.784162 0.784162 0.784162
9756.440430 0.000000 4038.143066 0.000000 0.741674 0.000000 0.670761 0.665308 0.665308 0.665308
9759.867188 0.000000 4016.005371 0.000000 0.943627 0.000000 0.331010 0.682902 0.682902 0.682902
9694.039062 0.000000 4015.869629 0.000000 0.141773 0.000000 -0.989899 0.877252 0.877252 0.877252
9690.862305 0.000000 4022.454346 0.000000 0.994958 0.000000 0.100293 0.691397 0.691397 0.691397
9723.469727 0.000000 4043.042480 0.000000 0.937868 0.000000 -0.346993 0.719817 0.719817 0.719817
9693.563477 0.000000 4003.897949 0.000000 0.991429 0.000000 0.130645 0.690383 0.690383 0.690383
9692.359375 0.000000 4020.499756 0.000000 0.976417 0.000000 -0.215894 0.718634 0.718634 0.718634
9697.909180 0.000000 4004.860107 0.000000 0.328887 0.000000 -0.944369 0.788537 0.788537 0.788537
9724.874023 0.000000 4047.357666 0.000000 0.337069 0.000000 -0.941480 0.768617 0.768617 0.768617
9725.060547 0.000000 4040.112793 0.000000 0.947742 0.000000 -0.319038 0.722699 0.722699 0.722699
9695.561523 0.000000 4018.700439 0.000000 0.833695 0.000000 -0.552226 0.746008 0.746008 0.746008
9691.729492 0.000000 4024.636719 0.000000 0.987662 0.000000 0.156601 0.690382 0.690382 0.690382
9696.888672 0.000000 4010.878906 0.000000 0.004132 0.000000 -0.999991 0.806777 0.806777 0.806777
9696.882812 0.000000 4014.341309 0.000000 0.996053 0.000000 0.088756 0.693477 0.693477 0.693477
9689.373047 0.000000 4003.678223 0.000000 0.985058 0.000000 -0.172224 0.714519 0.714519 0.714519
9756.193359 0.000000 4027.803223 0.000000 0.572841 0.000000 0.819666 0.631156 0.631156 0.631156
9759.551758 0.000000 4041.509521 0.000000 0.220897 0.000000 -0.975297 0.806013 0.806013 0.806013
9695.475586 0.000000 4022.794189 0.000000 0.986820 0.000000 -0.161822 0.713918 0.713918 0.713918
9755.877930 0.000000 4011.909424 0.000000 0.303120 0.000000 0.952952 0.587448 0.587448 0.587448
9690.977539 0.000000 4002.535400 0.000000 0.164747 0.000000 0.986336 0.564927 0.564927 0.564927
9688.622070 0.000000 4000.036621 0.000000 0.829934 0.000000 -0.557861 0.756883 0.756883 0.756883
9754.844727 0.000000 4019.470947 0.000000 0.546267 0.000000 0.837611 0.590684 0.590684 0.590684
9695.519531 0.000000 4015.208008 0.000000 0.568453 0.000000 0.822716 0.580119 0.580119 0.580119
9753.910156 0.000000 4024.431885 0.000000 0.110348 0.000000 -0.993893 0.891390 0.891390 0.891390
9752.808594 0.000000 4016.114502 0.000000 0.200078 0.000000 -0.979780 0.865122 0.865122 0.865122
9755.461914 0.000000 4015.463135 0.000000 0.976970 0.000000 -0.213375 0.727432 0.727432 0.727432
9766.596680 0.000000 3975.194092 0.000000 0.973355 0.000000 0.229305 0.697978 0.697978 0.697978
9769.720703 0.000000 3970.422363 0.000000 0.931814 0.000000 -0.362935 0.711034 0.711034 0.711034
9766.672852 0.000000 3971.721924 0.000000 0.264892 0.000000 -0.964278 0.775127 0.775127 0.775127
9766.728516 0.000000 3968.199951 0.000000 0.998027 0.000000 0.062788 0.696816 0.696816 0.696816
9713.305664 0.000000 4089.511230 0.000000 0.907366 0.000000 -0.420342 0.701516 0.701516 0.701516
9718.823242 0.000000 4050.035400 0.000000 0.358734 0.000000 -0.933440 0.718935 0.718935 0.718935
9716.500977 0.000000 4098.989258 0.000000 0.992787 0.000000 0.119894 0.699160 0.699160 0.699160
9740.558594 0.000000 4120.394043 0.000000 0.309825 0.000000 -0.950794 0.728530 0.728530 0.728530
9718.851562 0.000000 4094.566650 0.000000 0.951785 0.000000 0.306766 0.672756 0.672756 0.672756
9736.326172 0.000000 4123.016602 0.000000 0.563410 0.000000 -0.826177 0.759470 0.759470 0.759470
9755.669922 0.000000 4074.291504 0.000000 0.439923 0.000000 -0.898035 0.717541 0.717541 0.717541
9756.028320 0.000000 4080.258789 0.000000 0.385708 0.000000 0.922621 0.673310 0.673310 0.673310
9730.153320 0.000000 4060.151123 0.000000 0.791833 0.000000 0.610738 0.687370 0.687370 0.687370
9728.222656 0.000000 4094.839111 0.000000 0.125282 0.000000 0.992121 0.667167 0.667167 0.667167
9735.031250 0.000000 4090.624023 0.000000 0.942363 0.000000 -0.334594 0.706559 0.706559 0.706559
9716.363281 0.000000 4091.684570 0.000000 0.553358 0.000000 0.832944 0.620865 0.620865 0.620865
9729.575195 0.000000 4056.494629 0.000000 0.097285 0.000000 -0.995257 0.800418 0.800418 0.800418
9721.882812 0.000000 4096.452637 0.000000 0.849595 0.000000 -0.527436 0.713593 0.713593 0.713593
9722.700195 0.000000 4058.541016 0.000000 0.335199 0.000000 -0.942147 0.738659 0.738659 0.738659
9715.871094 0.000000 4095.839844 0.000000 0.985482 0.000000 -0.169778 0.705665 0.705665 0.705665
9726.781250 0.000000 4054.439209 0.000000 0.983997 0.000000 0.178188 0.692173 0.692173 0.692173
9716.407227 0.000000 4088.552979 0.000000 0.637512 0.000000 -0.770441 0.743038 0.743038 0.743038
9736.409180 0.000000 4055.580078 0.000000 0.428771 0.000000 0.903413 0.642850 0.642850 0.642850
9758.686523 0.000000 4074.248047 0.000000 0.568403 0.000000 0.822750 0.632457 0.632457 0.632457
9719.169922 0.000000 4097.576660 0.000000 0.725942 0.000000 -0.687755 0.730483 0.730483 0.730483
9761.527344 0.000000 4075.019043 0.000000 0.999958 0.000000 -0.009126 0.700558 0.700558 0.700558
9720.496094 0.000000 4092.248535 0.000000 0.320919 0.000000 -0.947106 0.776096 0.776096 0.776096
9761.731445 0.000000 4079.300781 0.000000 0.919390 0.000000 -0.393348 0.731086 0.731086 0.731086
9736.515625 0.000000 4050.202637 0.000000 0.761649 0.000000 -0.647989 0.745582 0.745582 0.745582
9741.044922 0.000000 4051.419189 0.000000 0.377053 0.000000 -0.926192 0.745528 0.745528 0.745528
9758.706055 0.000000 4079.795654 0.000000 0.090667 0.000000 -0.995881 0.767247 0.767247 0.767247
9761.714844 0.000000 4069.609131 0.000000 0.462812 0.000000 0.886457 0.646682 0.646682 0.646682
9723.990234 0.000000 4056.168701 0.000000 0.707689 0.000000 -0.706524 0.749360 0.749360 0.749360
9748.157227 0.000000 4111.008789 0.000000 0.645170 0.000000 0.764039 0.648333 0.648333 0.648333
9762.736328 0.000000 4083.616211 0.000000 0.552511 0.000000 -0.833506 0.774051 0.774051 0.774051
9731.701172 0.000000 4058.012939 0.000000 0.914578 0.000000 -0.404409 0.721827 0.721827 0.721827
9733.478516 0.000000 4092.805176 0.000000 0.675675 0.000000 0.737200 0.652196 0.652196 0.652196
9733.708008 0.000000 4055.237061 0.000000 0.857591 0.000000 -0.514332 0.725490 0.725490 0.725490
9724.934570 0.000000 4051.788086 0.000000 0.583697 0.000000 -0.811971 0.746364 0.746364 0.746364
9721.064453 0.000000 4055.275391 0.000000 0.412445 0.000000 0.910982 0.633929 0.633929 0.633929
9718.404297 0.000000 4092.352051 0.000000 0.562496 0.000000 0.826800 0.597935 0.597935 0.597935
9716.838867 0.000000 4093.654297 0.000000 1.000000 0.000000 -0.000908 0.700086 0.700086 0.700086
9717.677734 0.000000 4090.344971 0.000000 0.068724 0.000000 -0.997636 0.820745 0.820745 0.820745
9760.968750 0.000000 4083.968262 0.000000 0.718860 0.000000 -0.695155 0.776565 0.776565 0.776565
9767.288086 0.000000 4054.960693 0.000000 0.515157 0.000000 0.857096 0.687405 0.687405 0.687405
9769.960938 0.000000 4082.536377 0.000000 0.999846 0.000000 0.017556 0.699632 0.699632 0.699632
9768.735352 0.000000 4073.707520 0.000000 0.273109 0.000000 -0.961983 0.727140 0.727140 0.727140
9768.040039 0.000000 4068.784668 0.000000 0.015635 0.000000 0.999878 0.640209 0.640209 0.640209
9767.634766 0.000000 4051.290771 0.000000 0.825807 0.000000 -0.563953 0.719895 0.719895 0.719895
9769.908203 0.000000 4057.002441 0.000000 0.997809 0.000000 -0.066162 0.701967 0.701967 0.701967
9770.287109 0.000000 4053.594482 0.000000 0.927987 0.000000 0.372613 0.673977 0.673977 0.673977
9765.959961 0.000000 4073.648682 0.000000 0.196526 0.000000 -0.980499 0.791177 0.791177 0.791177
9768.928711 0.000000 4080.226562 0.000000 0.561676 0.000000 -0.827357 0.751085 0.751085 0.751085
9762.954102 0.000000 4070.440430 0.000000 0.007725 0.000000 0.999970 0.566152 0.566152 0.566152
9767.632812 0.000000 4071.440918 0.000000 0.530797 0.000000 0.847499 0.615172 0.615172 0.615172
9768.979492 0.000000 4049.482422 0.000000 0.638608 0.000000 0.769533 0.634014 0.634014 0.634014
9763.040039 0.000000 4082.966309 0.000000 0.016145 0.000000 -0.999870 0.816826 0.816826 0.816826
9766.244141 0.000000 4069.440674 0.000000 0.383175 0.000000 0.923676 0.597105 0.597105 0.597105
9745.101562 0.000000 4165.443359 0.000000 0.845187 0.000000 0.534470 0.688175 0.688175 0.688175
9747.691406 0.000000 4156.093262 0.000000 0.141093 0.000000 -0.989996 0.752452 0.752452 0.752452
9747.371094 0.000000 4167.831543 0.000000 0.892940 0.000000 -0.450176 0.716321 0.716321 0.716321
9743.472656 0.000000 4171.977539 0.000000 0.791475 0.000000 0.611201 0.677017 0.677017 0.677017
9749.472656 0.000000 4159.726562 0.000000 0.969766 0.000000 0.244036 0.690522 0.690522 0.690522
9747.945312 0.000000 4161.520020 0.000000 0.619859 0.000000 -0.784713 0.752032 0.752032 0.752032
9745.946289 0.000000 4169.090332 0.000000 0.112241 0.000000 -0.993681 0.817232 0.817232 0.817232
"}
